# camera calibration matrix K
fx: 692.820
fy: 692.820
# moved to code
# px: 640 # image center x
# py: 360 # image center y

# rotation matrix R (in deg)
yaw:    90.0
pitch:  0.0
roll:   0.0

# vehicle coords of camera origin (in meters)
# DEFAULT_SENSOR_OFFSET = (0., 0.8, 1.5)
XCam: 0.0
YCam: -28.8
ZCam: 4.5



# 1.73205 0 0 0
# 0 -1.00002 0 1
# 0 0 3.0792 0
# 0 2.00002 0 0